rm -rf outputs
mkdir -p outputs
iverilog -o outputs/proc_test.out \
	src/test_lc4_processor_tb.v \
	src/lc4_processor.v src/Nbit_reg.v src/lc4_alu.v \
	src/lc4_regfile.v src/lc4_decoder.v \
	src/include/set_testcase.v \
	src/include/bram.v src/include/memory.v \
	src/include/delay_eight_cycles.v \
	src/include/one_pulse.v \
	src/include/clock_util.v
./outputs/proc_test.out
/home/aasif/Documents/School/2017a/SrDesign/RSA-CPU/src/test_data/ours.hex
                  26 xxxx 0000000000000000 xxxxxxxxxxxxxxxx
                  66 0000 0000000000000000 0000000000000001
                 106 0000 0000000000000000 0000000000000001
                 146 0001 0000000000000000 0000000000000002
                 186 0002 0000000000000000 0000000000000003
                 226 0003 0000000000000000 0000000000000004
                 266 0004 0000000000000000 0000000000000005
                 306 0005 0000000000000000 0000000000000006
                 346 0006 0000000000000000 0000000000000007
                 386 0007 0000000000000000 0000000000000008
                 426 0008 0000000000000000 0000000000000009
                 466 0009 0000000000000000 000000000000000a
                 506 000a 0000000000000000 000000000000000b
                 546 000b 0000000000000000 000000000000000c
                 586 000c 0000000000000000 000000000000000d
                 626 000d 0000000000000000 000000000000000e
                 666 000e 0000000000000000 000000000000000f
                 706 000f 0000000000000000 0000000000000010
                 746 0010 0000000000000000 0000000000000011
                 786 0011 0000000000000000 0000000000000012
                 826 0012 0000000000000000 0000000000000013
                 866 0013 0000000000000000 0000000000000014
                 906 0014 0000000000000000 0000000000000015
                 946 0015 0000000000000000 0000000000000016
                 986 0016 0000000000000000 0000000000000017
                1026 0017 0000000000000000 0000000000000018
                1066 0018 0000000000000000 0000000000000019
                1106 0019 0000000000000000 000000000000001a
                1146 001a 0000000000000000 000000000000001b
                1186 001b 0000000000000000 000000000000001c
                1226 001c 0000000000000000 000000000000001d
                1266 001d 0000000000000000 000000000000001e
                1306 001e 0000000000000000 000000000000001f
                1346 001f 0000000000000000 0000000000000020
                1386 0020 0000000000000000 0000000000000021
                1426 0021 0000000000000000 0000000000000022
                1466 0022 0000000000000000 0000000000000023
                1506 0023 0000000000000000 0000000000000024
                1546 0024 0000000000000000 0000000000000025
                1586 0025 0000000000000000 0000000000000026
                1626 0026 0000000000000000 0000000000000027
                1666 0027 0000000000000000 0000000000000028
                1706 0028 0000000000000000 0000000000000029
                1746 0029 0000000000000000 000000000000002a
                1786 002a 0000000000000000 000000000000002b
                1826 002b 0000000000000000 000000000000002c
                1866 002c 0000000000000000 000000000000002d
                1906 002d 0000000000000000 000000000000002e
                1946 002e 0000000000000000 000000000000002f
                1986 002f 0000000000000000 0000000000000030
                2026 0030 0000000000000000 0000000000000031
                2066 0031 0000000000000000 0000000000000032
                2106 0032 0000000000000000 0000000000000033
                2146 0033 0000000000000000 0000000000000034
                2186 0034 0000000000000000 0000000000000035
                2226 0035 0000000000000000 0000000000000036
                2266 0036 0000000000000000 0000000000000037
                2306 0037 0000000000000000 0000000000000038
                2346 0038 0000000000000000 0000000000000039
                2386 0039 0000000000000000 000000000000003a
                2426 003a 0000000000000000 000000000000003b
                2466 003b 0000000000000000 000000000000003c
                2506 003c 0000000000000000 000000000000003d
                2546 003d 0000000000000000 000000000000003e
                2586 003e 0000000000000000 000000000000003f
                2626 003f 0000000000000000 0000000000000040
                2666 0040 0000000000000000 0000000000000041
                2706 0041 0000000000000000 0000000000000042
                2746 0042 0000000000000000 0000000000000043
                2786 0043 0000000000000000 0000000000000044
                2826 0044 0000000000000000 0000000000000045
                2866 0045 0000000000000000 0000000000000046
                2906 0046 0000000000000000 0000000000000047
                2946 0047 0000000000000000 0000000000000048
                2986 0048 0000000000000000 0000000000000049
                3026 0049 0000000000000000 000000000000004a
                3066 004a 0000000000000000 000000000000004b
                3106 004b 0000000000000000 000000000000004c
                3146 004c 0000000000000000 000000000000004d
                3186 004d 0000000000000000 000000000000004e
                3226 004e 0000000000000000 000000000000004f
                3266 004f 0000000000000000 0000000000000050
                3306 0050 0000000000000000 0000000000000051
                3346 0051 0000000000000000 0000000000000052
                3386 0052 0000000000000000 0000000000000053
                3426 0053 0000000000000000 0000000000000054
                3466 0054 0000000000000000 0000000000000055
                3506 0055 0000000000000000 0000000000000056
                3546 0056 0000000000000000 0000000000000057
                3586 0057 0000000000000000 0000000000000058
                3626 0058 0000000000000000 0000000000000059
                3666 0059 0000000000000000 000000000000005a
                3706 005a 0000000000000000 000000000000005b
                3746 005b 0000000000000000 000000000000005c
                3786 005c 0000000000000000 000000000000005d
                3826 005d 0000000000000000 000000000000005e
                3866 005e 0000000000000000 000000000000005f
                3906 005f 0000000000000000 0000000000000060
                3946 0060 0000000000000000 0000000000000061
                3986 0061 0000000000000000 0000000000000062
                4026 0062 0000000000000000 0000000000000063
                4066 0063 0000000000000000 0000000000000064
                4106 0064 0000000000000000 0000000000000065
                4146 0065 0000000000000000 0000000000000066
                4186 0066 0000000000000000 0000000000000067
                4226 0067 0000000000000000 0000000000000068
                4266 0068 0000000000000000 0000000000000069
                4306 0069 0000000000000000 000000000000006a
                4346 006a 0000000000000000 000000000000006b
                4386 006b 0000000000000000 000000000000006c
                4426 006c 0000000000000000 000000000000006d
                4466 006d 0000000000000000 000000000000006e
                4506 006e 0000000000000000 000000000000006f
                4546 006f 0000000000000000 0000000000000070
                4586 0070 0000000000000000 0000000000000071
                4626 0071 0000000000000000 0000000000000072
                4666 0072 0000000000000000 0000000000000073
                4706 0073 0000000000000000 0000000000000074
                4746 0074 0000000000000000 0000000000000075
                4786 0075 0000000000000000 0000000000000076
                4826 0076 0000000000000000 0000000000000077
                4866 0077 0000000000000000 0000000000000078
                4906 0078 0000000000000000 0000000000000079
                4946 0079 0000000000000000 000000000000007a
                4986 007a 0000000000000000 000000000000007b
                5026 007b 0000000000000000 000000000000007c
                5066 007c 0000000000000000 000000000000007d
                5106 007d 0000000000000000 000000000000007e
                5146 007e 0000000000000000 000000000000007f
                5186 007f 0000000000000000 0000000000000080
                5226 0080 0000000000000000 0000000000000081
                5266 0081 0000000000000000 0000000000000082
                5306 0082 0000000000000000 0000000000000083
                5346 0083 0000000000000000 0000000000000084
                5386 0084 0000000000000000 0000000000000085
                5426 0085 0000000000000000 0000000000000086
                5466 0086 0000000000000000 0000000000000087
                5506 0087 0000000000000000 0000000000000088
                5546 0088 0000000000000000 0000000000000089
                5586 0089 0000000000000000 000000000000008a
                5626 008a 0000000000000000 000000000000008b
                5666 008b 0000000000000000 000000000000008c
                5706 008c 0000000000000000 000000000000008d
                5746 008d 0000000000000000 000000000000008e
                5786 008e 0000000000000000 000000000000008f
                5826 008f 0000000000000000 0000000000000090
                5866 0090 0000000000000000 0000000000000091
                5906 0091 0000000000000000 0000000000000092
                5946 0092 0000000000000000 0000000000000093
                5986 0093 0000000000000000 0000000000000094
                6026 0094 0000000000000000 0000000000000095
                6066 0095 0000000000000000 0000000000000096
                6106 0096 0000000000000000 0000000000000097
                6146 0097 0000000000000000 0000000000000098
                6186 0098 0000000000000000 0000000000000099
                6226 0099 0000000000000000 000000000000009a
                6266 009a 0000000000000000 000000000000009b
                6306 009b 0000000000000000 000000000000009c
                6346 009c 0000000000000000 000000000000009d
                6386 009d 0000000000000000 000000000000009e
                6426 009e 0000000000000000 000000000000009f
                6466 009f 0000000000000000 00000000000000a0
                6506 00a0 0000000000000000 00000000000000a1
                6546 00a1 0000000000000000 00000000000000a2
                6586 00a2 0000000000000000 00000000000000a3
                6626 00a3 0000000000000000 00000000000000a4
                6666 00a4 0000000000000000 00000000000000a5
                6706 00a5 0000000000000000 00000000000000a6
                6746 00a6 0000000000000000 00000000000000a7
                6786 00a7 0000000000000000 00000000000000a8
                6826 00a8 0000000000000000 00000000000000a9
                6866 00a9 0000000000000000 00000000000000aa
                6906 00aa 0000000000000000 00000000000000ab
                6946 00ab 0000000000000000 00000000000000ac
                6986 00ac 0000000000000000 00000000000000ad
                7026 00ad 0000000000000000 00000000000000ae
                7066 00ae 0000000000000000 00000000000000af
                7106 00af 0000000000000000 00000000000000b0
                7146 00b0 0000000000000000 00000000000000b1
                7186 00b1 0000000000000000 00000000000000b2
                7226 00b2 0000000000000000 00000000000000b3
                7266 00b3 0000000000000000 00000000000000b4
                7306 00b4 0000000000000000 00000000000000b5
                7346 00b5 0000000000000000 00000000000000b6
                7386 00b6 0000000000000000 00000000000000b7
                7426 00b7 0000000000000000 00000000000000b8
                7466 00b8 0000000000000000 00000000000000b9
                7506 00b9 0000000000000000 00000000000000ba
                7546 00ba 0000000000000000 00000000000000bb
                7586 00bb 0000000000000000 00000000000000bc
                7626 00bc 0000000000000000 00000000000000bd
                7666 00bd 0000000000000000 00000000000000be
                7706 00be 0000000000000000 00000000000000bf
                7746 00bf 0000000000000000 00000000000000c0
                7786 00c0 0000000000000000 00000000000000c1
                7826 00c1 0000000000000000 00000000000000c2
                7866 00c2 0000000000000000 00000000000000c3
                7906 00c3 0000000000000000 00000000000000c4
                7946 00c4 0000000000000000 00000000000000c5
                7986 00c5 0000000000000000 00000000000000c6
                8026 00c6 0000000000000000 00000000000000c7
                8066 00c7 0000000000000000 00000000000000c8
                8106 00c8 0000000000000000 00000000000000c9
                8146 00c9 0000000000000000 00000000000000ca
                8186 00ca 0000000000000000 00000000000000cb
                8226 00cb 0000000000000000 00000000000000cc
                8266 00cc 0000000000000000 00000000000000cd
                8306 00cd 0000000000000000 00000000000000ce
                8346 00ce 0000000000000000 00000000000000cf
                8386 00cf 0000000000000000 00000000000000d0
                8426 00d0 0000000000000000 00000000000000d1
                8466 00d1 0000000000000000 00000000000000d2
                8506 00d2 0000000000000000 00000000000000d3
                8546 00d3 0000000000000000 00000000000000d4
                8586 00d4 0000000000000000 00000000000000d5
                8626 00d5 0000000000000000 00000000000000d6
                8666 00d6 0000000000000000 00000000000000d7
                8706 00d7 0000000000000000 00000000000000d8
                8746 00d8 0000000000000000 00000000000000d9
                8786 00d9 0000000000000000 00000000000000da
                8826 00da 0000000000000000 00000000000000db
                8866 00db 0000000000000000 00000000000000dc
                8906 00dc 0000000000000000 00000000000000dd
                8946 00dd 0000000000000000 00000000000000de
                8986 00de 0000000000000000 00000000000000df
                9026 00df 0000000000000000 00000000000000e0
                9066 00e0 0000000000000000 00000000000000e1
                9106 00e1 0000000000000000 00000000000000e2
                9146 00e2 0000000000000000 00000000000000e3
                9186 00e3 0000000000000000 00000000000000e4
                9226 00e4 0000000000000000 00000000000000e5
                9266 00e5 0000000000000000 00000000000000e6
                9306 00e6 0000000000000000 00000000000000e7
                9346 00e7 0000000000000000 00000000000000e8
                9386 00e8 0000000000000000 00000000000000e9
                9426 00e9 0000000000000000 00000000000000ea
                9466 00ea 0000000000000000 00000000000000eb
                9506 00eb 0000000000000000 00000000000000ec
                9546 00ec 0000000000000000 00000000000000ed
                9586 00ed 0000000000000000 00000000000000ee
                9626 00ee 0000000000000000 00000000000000ef
                9666 00ef 0000000000000000 00000000000000f0
                9706 00f0 0000000000000000 00000000000000f1
                9746 00f1 0000000000000000 00000000000000f2
                9786 00f2 0000000000000000 00000000000000f3
                9826 00f3 0000000000000000 00000000000000f4
                9866 00f4 0000000000000000 00000000000000f5
                9906 00f5 0000000000000000 00000000000000f6
                9946 00f6 0000000000000000 00000000000000f7
                9986 00f7 0000000000000000 00000000000000f8
               10026 00f8 0000000000000000 00000000000000f9
               10066 00f9 0000000000000000 00000000000000fa
               10106 00fa 0000000000000000 00000000000000fb
               10146 00fb 0000000000000000 00000000000000fc
               10186 00fc 0000000000000000 00000000000000fd
               10226 00fd 0000000000000000 00000000000000fe
               10266 00fe 0000000000000000 00000000000000ff
               10306 00ff 0000000000000000 0000000000000100
               10346 0100 0000000000000000 0000000000000101
               10386 0101 0000000000000000 0000000000000102
               10426 0102 0000000000000000 0000000000000103
               10466 0103 0000000000000000 0000000000000104
               10506 0104 0000000000000000 0000000000000105
               10546 0105 0000000000000000 0000000000000106
               10586 0106 0000000000000000 0000000000000107
               10626 0107 0000000000000000 0000000000000108
               10666 0108 0000000000000000 0000000000000109
               10706 0109 0000000000000000 000000000000010a
               10746 010a 0000000000000000 000000000000010b
               10786 010b 0000000000000000 000000000000010c
               10826 010c 0000000000000000 000000000000010d
               10866 010d 0000000000000000 000000000000010e
               10906 010e 0000000000000000 000000000000010f
               10946 010f 0000000000000000 0000000000000110
               10986 0110 0000000000000000 0000000000000111
               11026 0111 0000000000000000 0000000000000112
               11066 0112 0000000000000000 0000000000000113
               11106 0113 0000000000000000 0000000000000114
               11146 0114 0000000000000000 0000000000000115
               11186 0115 0000000000000000 0000000000000116
               11226 0116 0000000000000000 0000000000000117
               11266 0117 0000000000000000 0000000000000118
               11306 0118 0000000000000000 0000000000000119
               11346 0119 0000000000000000 000000000000011a
               11386 011a 0000000000000000 000000000000011b
               11426 011b 0000000000000000 000000000000011c
               11466 011c 0000000000000000 000000000000011d
               11506 011d 0000000000000000 000000000000011e
               11546 011e 0000000000000000 000000000000011f
               11586 011f 0000000000000000 0000000000000120
               11626 0120 0000000000000000 0000000000000121
               11666 0121 0000000000000000 0000000000000122
               11706 0122 0000000000000000 0000000000000123
               11746 0123 0000000000000000 0000000000000124
               11786 0124 0000000000000000 0000000000000125
               11826 0125 0000000000000000 0000000000000126
               11866 0126 0000000000000000 0000000000000127
               11906 0127 0000000000000000 0000000000000128
               11946 0128 0000000000000000 0000000000000129
               11986 0129 0000000000000000 000000000000012a
               12026 012a 0000000000000000 000000000000012b
               12066 012b 0000000000000000 000000000000012c
               12106 012c 0000000000000000 000000000000012d
               12146 012d 0000000000000000 000000000000012e
               12186 012e 0000000000000000 000000000000012f
               12226 012f 0000000000000000 0000000000000130
               12266 0130 0000000000000000 0000000000000131
               12306 0131 0000000000000000 0000000000000132
               12346 0132 0000000000000000 0000000000000133
               12386 0133 0000000000000000 0000000000000134
               12426 0134 0000000000000000 0000000000000135
               12466 0135 0000000000000000 0000000000000136
               12506 0136 0000000000000000 0000000000000137
               12546 0137 0000000000000000 0000000000000138
               12586 0138 0000000000000000 0000000000000139
               12626 0139 0000000000000000 000000000000013a
               12666 013a 0000000000000000 000000000000013b
               12706 013b 0000000000000000 000000000000013c
               12746 013c 0000000000000000 000000000000013d
               12786 013d 0000000000000000 000000000000013e
               12826 013e 0000000000000000 000000000000013f
               12866 013f 0000000000000000 0000000000000140
               12906 0140 0000000000000000 0000000000000141
               12946 0141 0000000000000000 0000000000000142
               12986 0142 0000000000000000 0000000000000143
               13026 0143 0000000000000000 0000000000000144
               13066 0144 0000000000000000 0000000000000145
               13106 0145 0000000000000000 0000000000000146
               13146 0146 0000000000000000 0000000000000147
               13186 0147 0000000000000000 0000000000000148
               13226 0148 0000000000000000 0000000000000149
               13266 0149 0000000000000000 000000000000014a
               13306 014a 0000000000000000 000000000000014b
               13346 014b 0000000000000000 000000000000014c
               13386 014c 0000000000000000 000000000000014d
               13426 014d 0000000000000000 000000000000014e
               13466 014e 0000000000000000 000000000000014f
               13506 014f 0000000000000000 0000000000000150
               13546 0150 0000000000000000 0000000000000151
               13586 0151 0000000000000000 0000000000000152
               13626 0152 0000000000000000 0000000000000153
               13666 0153 0000000000000000 0000000000000154
               13706 0154 0000000000000000 0000000000000155
               13746 0155 0000000000000000 0000000000000156
               13786 0156 0000000000000000 0000000000000157
               13826 0157 0000000000000000 0000000000000158
               13866 0158 0000000000000000 0000000000000159
               13906 0159 0000000000000000 000000000000015a
               13946 015a 0000000000000000 000000000000015b
               13986 015b 0000000000000000 000000000000015c
               14026 015c 0000000000000000 000000000000015d
               14066 015d 0000000000000000 000000000000015e
               14106 015e 0000000000000000 000000000000015f
               14146 015f 0000000000000000 0000000000000160
               14186 0160 0000000000000000 0000000000000161
               14226 0161 0000000000000000 0000000000000162
               14266 0162 0000000000000000 0000000000000163
               14306 0163 0000000000000000 0000000000000164
               14346 0164 0000000000000000 0000000000000165
               14386 0165 0000000000000000 0000000000000166
               14426 0166 0000000000000000 0000000000000167
               14466 0167 0000000000000000 0000000000000168
               14506 0168 0000000000000000 0000000000000169
               14546 0169 0000000000000000 000000000000016a
               14586 016a 0000000000000000 000000000000016b
               14626 016b 0000000000000000 000000000000016c
               14666 016c 0000000000000000 000000000000016d
               14706 016d 0000000000000000 000000000000016e
               14746 016e 0000000000000000 000000000000016f
               14786 016f 0000000000000000 0000000000000170
               14826 0170 0000000000000000 0000000000000171
               14866 0171 0000000000000000 0000000000000172
               14906 0172 0000000000000000 0000000000000173
               14946 0173 0000000000000000 0000000000000174
               14986 0174 0000000000000000 0000000000000175
               15026 0175 0000000000000000 0000000000000176
               15066 0176 0000000000000000 0000000000000177
               15106 0177 0000000000000000 0000000000000178
               15146 0178 0000000000000000 0000000000000179
               15186 0179 0000000000000000 000000000000017a
               15226 017a 0000000000000000 000000000000017b
               15266 017b 0000000000000000 000000000000017c
               15306 017c 0000000000000000 000000000000017d
               15346 017d 0000000000000000 000000000000017e
               15386 017e 0000000000000000 000000000000017f
               15426 017f 0000000000000000 0000000000000180
               15466 0180 0000000000000000 0000000000000181
               15506 0181 0000000000000000 0000000000000182
               15546 0182 0000000000000000 0000000000000183
               15586 0183 0000000000000000 0000000000000184
               15626 0184 0000000000000000 0000000000000185
               15666 0185 0000000000000000 0000000000000186
               15706 0186 0000000000000000 0000000000000187
               15746 0187 0000000000000000 0000000000000188
               15786 0188 0000000000000000 0000000000000189
               15826 0189 0000000000000000 000000000000018a
               15866 018a 0000000000000000 000000000000018b
               15906 018b 0000000000000000 000000000000018c
               15946 018c 0000000000000000 000000000000018d
               15986 018d 0000000000000000 000000000000018e
               16026 018e 0000000000000000 000000000000018f
               16066 018f 0000000000000000 0000000000000190
               16106 0190 0000000000000000 0000000000000191
               16146 0191 0000000000000000 0000000000000192
               16186 0192 0000000000000000 0000000000000193
               16226 0193 0000000000000000 0000000000000194
               16266 0194 0000000000000000 0000000000000195
               16306 0195 0000000000000000 0000000000000196
               16346 0196 0000000000000000 0000000000000197
               16386 0197 0000000000000000 0000000000000198
               16426 0198 0000000000000000 0000000000000199
               16466 0199 0000000000000000 000000000000019a
               16506 019a 0000000000000000 000000000000019b
               16546 019b 0000000000000000 000000000000019c
               16586 019c 0000000000000000 000000000000019d
               16626 019d 0000000000000000 000000000000019e
               16666 019e 0000000000000000 000000000000019f
               16706 019f 0000000000000000 00000000000001a0
               16746 01a0 0000000000000000 00000000000001a1
               16786 01a1 0000000000000000 00000000000001a2
               16826 01a2 0000000000000000 00000000000001a3
               16866 01a3 0000000000000000 00000000000001a4
               16906 01a4 0000000000000000 00000000000001a5
               16946 01a5 0000000000000000 00000000000001a6
               16986 01a6 0000000000000000 00000000000001a7
               17026 01a7 0000000000000000 00000000000001a8
               17066 01a8 0000000000000000 00000000000001a9
               17106 01a9 0000000000000000 00000000000001aa
               17146 01aa 0000000000000000 00000000000001ab
               17186 01ab 0000000000000000 00000000000001ac
               17226 01ac 0000000000000000 00000000000001ad
               17266 01ad 0000000000000000 00000000000001ae
               17306 01ae 0000000000000000 00000000000001af
               17346 01af 0000000000000000 00000000000001b0
               17386 01b0 0000000000000000 00000000000001b1
               17426 01b1 0000000000000000 00000000000001b2
               17466 01b2 0000000000000000 00000000000001b3
               17506 01b3 0000000000000000 00000000000001b4
               17546 01b4 0000000000000000 00000000000001b5
               17586 01b5 0000000000000000 00000000000001b6
               17626 01b6 0000000000000000 00000000000001b7
               17666 01b7 0000000000000000 00000000000001b8
               17706 01b8 0000000000000000 00000000000001b9
               17746 01b9 0000000000000000 00000000000001ba
               17786 01ba 0000000000000000 00000000000001bb
               17826 01bb 0000000000000000 00000000000001bc
               17866 01bc 0000000000000000 00000000000001bd
               17906 01bd 0000000000000000 00000000000001be
               17946 01be 0000000000000000 00000000000001bf
               17986 01bf 0000000000000000 00000000000001c0
               18026 01c0 0000000000000000 00000000000001c1
               18066 01c1 0000000000000000 00000000000001c2
               18106 01c2 0000000000000000 00000000000001c3
               18146 01c3 0000000000000000 00000000000001c4
               18186 01c4 0000000000000000 00000000000001c5
               18226 01c5 0000000000000000 00000000000001c6
               18266 01c6 0000000000000000 00000000000001c7
               18306 01c7 0000000000000000 00000000000001c8
               18346 01c8 0000000000000000 00000000000001c9
               18386 01c9 0000000000000000 00000000000001ca
               18426 01ca 0000000000000000 00000000000001cb
               18466 01cb 0000000000000000 00000000000001cc
               18506 01cc 0000000000000000 00000000000001cd
               18546 01cd 0000000000000000 00000000000001ce
               18586 01ce 0000000000000000 00000000000001cf
               18626 01cf 0000000000000000 00000000000001d0
               18666 01d0 0000000000000000 00000000000001d1
               18706 01d1 0000000000000000 00000000000001d2
               18746 01d2 0000000000000000 00000000000001d3
               18786 01d3 0000000000000000 00000000000001d4
               18826 01d4 0000000000000000 00000000000001d5
               18866 01d5 0000000000000000 00000000000001d6
               18906 01d6 0000000000000000 00000000000001d7
               18946 01d7 0000000000000000 00000000000001d8
               18986 01d8 0000000000000000 00000000000001d9
               19026 01d9 0000000000000000 00000000000001da
               19066 01da 0000000000000000 00000000000001db
               19106 01db 0000000000000000 00000000000001dc
               19146 01dc 0000000000000000 00000000000001dd
               19186 01dd 0000000000000000 00000000000001de
               19226 01de 0000000000000000 00000000000001df
               19266 01df 0000000000000000 00000000000001e0
               19306 01e0 0000000000000000 00000000000001e1
               19346 01e1 0000000000000000 00000000000001e2
               19386 01e2 0000000000000000 00000000000001e3
               19426 01e3 0000000000000000 00000000000001e4
               19466 01e4 0000000000000000 00000000000001e5
               19506 01e5 0000000000000000 00000000000001e6
               19546 01e6 0000000000000000 00000000000001e7
               19586 01e7 0000000000000000 00000000000001e8
               19626 01e8 0000000000000000 00000000000001e9
               19666 01e9 0000000000000000 00000000000001ea
               19706 01ea 0000000000000000 00000000000001eb
               19746 01eb 0000000000000000 00000000000001ec
               19786 01ec 0000000000000000 00000000000001ed
               19826 01ed 0000000000000000 00000000000001ee
               19866 01ee 0000000000000000 00000000000001ef
               19906 01ef 0000000000000000 00000000000001f0
               19946 01f0 0000000000000000 00000000000001f1
               19986 01f1 0000000000000000 00000000000001f2
               20026 01f2 0000000000000000 00000000000001f3
               20066 01f3 0000000000000000 00000000000001f4
               20106 01f4 0000000000000000 00000000000001f5
               20146 01f5 0000000000000000 00000000000001f6
               20186 01f6 0000000000000000 00000000000001f7
               20226 01f7 0000000000000000 00000000000001f8
               20266 01f8 0000000000000000 00000000000001f9
               20306 01f9 0000000000000000 00000000000001fa
               20346 01fa 0000000000000000 00000000000001fb
               20386 01fb 0000000000000000 00000000000001fc
               20426 01fc 0000000000000000 00000000000001fd
               20466 01fd 0000000000000000 00000000000001fe
               20506 01fe 0000000000000000 00000000000001ff
               20546 01ff 0000000000000000 0000000000000200
               20586 0200 0000000000000000 0000000000000201
               20626 0201 0000000000000000 0000000000000202
               20666 0202 0000000000000000 0000000000000203
               20706 0203 0000000000000000 0000000000000204
               20746 0204 0000000000000000 0000000000000205
               20786 0205 0000000000000000 0000000000000206
               20826 0206 0000000000000000 0000000000000207
               20866 0207 0000000000000000 0000000000000208
               20906 0208 0000000000000000 0000000000000209
               20946 0209 0000000000000000 000000000000020a
               20986 020a 0000000000000000 000000000000020b
               21026 020b 0000000000000000 000000000000020c
               21066 020c 0000000000000000 000000000000020d
               21106 020d 0000000000000000 000000000000020e
               21146 020e 0000000000000000 000000000000020f
               21186 020f 0000000000000000 0000000000000210
               21226 0210 0000000000000000 0000000000000211
               21266 0211 0000000000000000 0000000000000212
               21306 0212 0000000000000000 0000000000000213
               21346 0213 0000000000000000 0000000000000214
               21386 0214 0000000000000000 0000000000000215
               21426 0215 0000000000000000 0000000000000216
               21466 0216 0000000000000000 0000000000000217
               21506 0217 0000000000000000 0000000000000218
               21546 0218 0000000000000000 0000000000000219
               21586 0219 0000000000000000 000000000000021a
               21626 021a 0000000000000000 000000000000021b
               21666 021b 0000000000000000 000000000000021c
               21706 021c 0000000000000000 000000000000021d
               21746 021d 0000000000000000 000000000000021e
               21786 021e 0000000000000000 000000000000021f
               21826 021f 0000000000000000 0000000000000220
               21866 0220 0000000000000000 0000000000000221
               21906 0221 0000000000000000 0000000000000222
               21946 0222 0000000000000000 0000000000000223
               21986 0223 0000000000000000 0000000000000224
               22026 0224 0000000000000000 0000000000000225
               22066 0225 0000000000000000 0000000000000226
               22106 0226 0000000000000000 0000000000000227
               22146 0227 0000000000000000 0000000000000228
               22186 0228 0000000000000000 0000000000000229
               22226 0229 0000000000000000 000000000000022a
               22266 022a 0000000000000000 000000000000022b
               22306 022b 0000000000000000 000000000000022c
               22346 022c 0000000000000000 000000000000022d
               22386 022d 0000000000000000 000000000000022e
               22426 022e 0000000000000000 000000000000022f
               22466 022f 0000000000000000 0000000000000230
               22506 0230 0000000000000000 0000000000000231
               22546 0231 0000000000000000 0000000000000232
               22586 0232 0000000000000000 0000000000000233
               22626 0233 0000000000000000 0000000000000234
               22666 0234 0000000000000000 0000000000000235
               22706 0235 0000000000000000 0000000000000236
               22746 0236 0000000000000000 0000000000000237
               22786 0237 0000000000000000 0000000000000238
               22826 0238 0000000000000000 0000000000000239
               22866 0239 0000000000000000 000000000000023a
               22906 023a 0000000000000000 000000000000023b
               22946 023b 0000000000000000 000000000000023c
               22986 023c 0000000000000000 000000000000023d
               23026 023d 0000000000000000 000000000000023e
               23066 023e 0000000000000000 000000000000023f
               23106 023f 0000000000000000 0000000000000240
               23146 0240 0000000000000000 0000000000000241
               23186 0241 0000000000000000 0000000000000242
               23226 0242 0000000000000000 0000000000000243
               23266 0243 0000000000000000 0000000000000244
               23306 0244 0000000000000000 0000000000000245
               23346 0245 0000000000000000 0000000000000246
               23386 0246 0000000000000000 0000000000000247
               23426 0247 0000000000000000 0000000000000248
               23466 0248 0000000000000000 0000000000000249
               23506 0249 0000000000000000 000000000000024a
               23546 024a 0000000000000000 000000000000024b
               23586 024b 0000000000000000 000000000000024c
               23626 024c 0000000000000000 000000000000024d
               23666 024d 0000000000000000 000000000000024e
               23706 024e 0000000000000000 000000000000024f
               23746 024f 0000000000000000 0000000000000250
               23786 0250 0000000000000000 0000000000000251
               23826 0251 0000000000000000 0000000000000252
               23866 0252 0000000000000000 0000000000000253
               23906 0253 0000000000000000 0000000000000254
               23946 0254 0000000000000000 0000000000000255
               23986 0255 0000000000000000 0000000000000256
               24026 0256 0000000000000000 0000000000000257
               24066 0257 0000000000000000 0000000000000258
               24106 0258 0000000000000000 0000000000000259
               24146 0259 0000000000000000 000000000000025a
               24186 025a 0000000000000000 000000000000025b
               24226 025b 0000000000000000 000000000000025c
               24266 025c 0000000000000000 000000000000025d
               24306 025d 0000000000000000 000000000000025e
               24346 025e 0000000000000000 000000000000025f
               24386 025f 0000000000000000 0000000000000260
               24426 0260 0000000000000000 0000000000000261
               24466 0261 0000000000000000 0000000000000262
               24506 0262 0000000000000000 0000000000000263
               24546 0263 0000000000000000 0000000000000264
               24586 0264 0000000000000000 0000000000000265
               24626 0265 0000000000000000 0000000000000266
               24666 0266 0000000000000000 0000000000000267
               24706 0267 0000000000000000 0000000000000268
               24746 0268 0000000000000000 0000000000000269
               24786 0269 0000000000000000 000000000000026a
               24826 026a 0000000000000000 000000000000026b
               24866 026b 0000000000000000 000000000000026c
               24906 026c 0000000000000000 000000000000026d
               24946 026d 0000000000000000 000000000000026e
               24986 026e 0000000000000000 000000000000026f
               25026 026f 0000000000000000 0000000000000270
               25066 0270 0000000000000000 0000000000000271
               25106 0271 0000000000000000 0000000000000272
               25146 0272 0000000000000000 0000000000000273
               25186 0273 0000000000000000 0000000000000274
               25226 0274 0000000000000000 0000000000000275
               25266 0275 0000000000000000 0000000000000276
               25306 0276 0000000000000000 0000000000000277
               25346 0277 0000000000000000 0000000000000278
               25386 0278 0000000000000000 0000000000000279
               25426 0279 0000000000000000 000000000000027a
               25466 027a 0000000000000000 000000000000027b
               25506 027b 0000000000000000 000000000000027c
               25546 027c 0000000000000000 000000000000027d
               25586 027d 0000000000000000 000000000000027e
               25626 027e 0000000000000000 000000000000027f
               25666 027f 0000000000000000 0000000000000280
               25706 0280 0000000000000000 0000000000000281
               25746 0281 0000000000000000 0000000000000282
               25786 0282 0000000000000000 0000000000000283
               25826 0283 0000000000000000 0000000000000284
               25866 0284 0000000000000000 0000000000000285
               25906 0285 0000000000000000 0000000000000286
               25946 0286 0000000000000000 0000000000000287
               25986 0287 0000000000000000 0000000000000288
               26026 0288 0000000000000000 0000000000000289
               26066 0289 0000000000000000 000000000000028a
               26106 028a 0000000000000000 000000000000028b
               26146 028b 0000000000000000 000000000000028c
               26186 028c 0000000000000000 000000000000028d
               26226 028d 0000000000000000 000000000000028e
               26266 028e 0000000000000000 000000000000028f
               26306 028f 0000000000000000 0000000000000290
               26346 0290 0000000000000000 0000000000000291
               26386 0291 0000000000000000 0000000000000292
               26426 0292 0000000000000000 0000000000000293
               26466 0293 0000000000000000 0000000000000294
               26506 0294 0000000000000000 0000000000000295
               26546 0295 0000000000000000 0000000000000296
               26586 0296 0000000000000000 0000000000000297
               26626 0297 0000000000000000 0000000000000298
               26666 0298 0000000000000000 0000000000000299
               26706 0299 0000000000000000 000000000000029a
               26746 029a 0000000000000000 000000000000029b
               26786 029b 0000000000000000 000000000000029c
               26826 029c 0000000000000000 000000000000029d
               26866 029d 0000000000000000 000000000000029e
               26906 029e 0000000000000000 000000000000029f
               26946 029f 0000000000000000 00000000000002a0
               26986 02a0 0000000000000000 00000000000002a1
               27026 02a1 0000000000000000 00000000000002a2
               27066 02a2 0000000000000000 00000000000002a3
               27106 02a3 0000000000000000 00000000000002a4
               27146 02a4 0000000000000000 00000000000002a5
               27186 02a5 0000000000000000 00000000000002a6
               27226 02a6 0000000000000000 00000000000002a7
               27266 02a7 0000000000000000 00000000000002a8
               27306 02a8 0000000000000000 00000000000002a9
               27346 02a9 0000000000000000 00000000000002aa
               27386 02aa 0000000000000000 00000000000002ab
               27426 02ab 0000000000000000 00000000000002ac
               27466 02ac 0000000000000000 00000000000002ad
               27506 02ad 0000000000000000 00000000000002ae
               27546 02ae 0000000000000000 00000000000002af
               27586 02af 0000000000000000 00000000000002b0
               27626 02b0 0000000000000000 00000000000002b1
               27666 02b1 0000000000000000 00000000000002b2
               27706 02b2 0000000000000000 00000000000002b3
               27746 02b3 0000000000000000 00000000000002b4
               27786 02b4 0000000000000000 00000000000002b5
               27826 02b5 0000000000000000 00000000000002b6
               27866 02b6 0000000000000000 00000000000002b7
               27906 02b7 0000000000000000 00000000000002b8
               27946 02b8 0000000000000000 00000000000002b9
               27986 02b9 0000000000000000 00000000000002ba
               28026 02ba 0000000000000000 00000000000002bb
               28066 02bb 0000000000000000 00000000000002bc
               28106 02bc 0000000000000000 00000000000002bd
               28146 02bd 0000000000000000 00000000000002be
               28186 02be 0000000000000000 00000000000002bf
               28226 02bf 0000000000000000 00000000000002c0
               28266 02c0 0000000000000000 00000000000002c1
               28306 02c1 0000000000000000 00000000000002c2
               28346 02c2 0000000000000000 00000000000002c3
               28386 02c3 0000000000000000 00000000000002c4
               28426 02c4 0000000000000000 00000000000002c5
               28466 02c5 0000000000000000 00000000000002c6
               28506 02c6 0000000000000000 00000000000002c7
               28546 02c7 0000000000000000 00000000000002c8
               28586 02c8 0000000000000000 00000000000002c9
               28626 02c9 0000000000000000 00000000000002ca
               28666 02ca 0000000000000000 00000000000002cb
               28706 02cb 0000000000000000 00000000000002cc
               28746 02cc 0000000000000000 00000000000002cd
               28786 02cd 0000000000000000 00000000000002ce
               28826 02ce 0000000000000000 00000000000002cf
               28866 02cf 0000000000000000 00000000000002d0
               28906 02d0 0000000000000000 00000000000002d1
               28946 02d1 0000000000000000 00000000000002d2
               28986 02d2 0000000000000000 00000000000002d3
               29026 02d3 0000000000000000 00000000000002d4
               29066 02d4 0000000000000000 00000000000002d5
               29106 02d5 0000000000000000 00000000000002d6
               29146 02d6 0000000000000000 00000000000002d7
               29186 02d7 0000000000000000 00000000000002d8
               29226 02d8 0000000000000000 00000000000002d9
               29266 02d9 0000000000000000 00000000000002da
               29306 02da 0000000000000000 00000000000002db
               29346 02db 0000000000000000 00000000000002dc
               29386 02dc 0000000000000000 00000000000002dd
               29426 02dd 0000000000000000 00000000000002de
               29466 02de 0000000000000000 00000000000002df
               29506 02df 0000000000000000 00000000000002e0
               29546 02e0 0000000000000000 00000000000002e1
               29586 02e1 0000000000000000 00000000000002e2
               29626 02e2 0000000000000000 00000000000002e3
               29666 02e3 0000000000000000 00000000000002e4
               29706 02e4 0000000000000000 00000000000002e5
               29746 02e5 0000000000000000 00000000000002e6
               29786 02e6 0000000000000000 00000000000002e7
               29826 02e7 0000000000000000 00000000000002e8
               29866 02e8 0000000000000000 00000000000002e9
               29906 02e9 0000000000000000 00000000000002ea
               29946 02ea 0000000000000000 00000000000002eb
               29986 02eb 0000000000000000 00000000000002ec
               30026 02ec 0000000000000000 00000000000002ed
               30066 02ed 0000000000000000 00000000000002ee
               30106 02ee 0000000000000000 00000000000002ef
               30146 02ef 0000000000000000 00000000000002f0
               30186 02f0 0000000000000000 00000000000002f1
               30226 02f1 0000000000000000 00000000000002f2
               30266 02f2 0000000000000000 00000000000002f3
               30306 02f3 0000000000000000 00000000000002f4
               30346 02f4 0000000000000000 00000000000002f5
               30386 02f5 0000000000000000 00000000000002f6
               30426 02f6 0000000000000000 00000000000002f7
               30466 02f7 0000000000000000 00000000000002f8
               30506 02f8 0000000000000000 00000000000002f9
               30546 02f9 0000000000000000 00000000000002fa
               30586 02fa 0000000000000000 00000000000002fb
               30626 02fb 0000000000000000 00000000000002fc
               30666 02fc 0000000000000000 00000000000002fd
               30706 02fd 0000000000000000 00000000000002fe
               30746 02fe 0000000000000000 00000000000002ff
               30786 02ff 0000000000000000 0000000000000300
               30826 0300 0000000000000000 0000000000000301
               30866 0301 0000000000000000 0000000000000302
               30906 0302 0000000000000000 0000000000000303
               30946 0303 0000000000000000 0000000000000304
               30986 0304 0000000000000000 0000000000000305
               31026 0305 0000000000000000 0000000000000306
               31066 0306 0000000000000000 0000000000000307
               31106 0307 0000000000000000 0000000000000308
               31146 0308 0000000000000000 0000000000000309
               31186 0309 0000000000000000 000000000000030a
               31226 030a 0000000000000000 000000000000030b
               31266 030b 0000000000000000 000000000000030c
               31306 030c 0000000000000000 000000000000030d
               31346 030d 0000000000000000 000000000000030e
               31386 030e 0000000000000000 000000000000030f
               31426 030f 0000000000000000 0000000000000310
               31466 0310 0000000000000000 0000000000000311
               31506 0311 0000000000000000 0000000000000312
               31546 0312 0000000000000000 0000000000000313
               31586 0313 0000000000000000 0000000000000314
               31626 0314 0000000000000000 0000000000000315
               31666 0315 0000000000000000 0000000000000316
               31706 0316 0000000000000000 0000000000000317
               31746 0317 0000000000000000 0000000000000318
               31786 0318 0000000000000000 0000000000000319
               31826 0319 0000000000000000 000000000000031a
               31866 031a 0000000000000000 000000000000031b
               31906 031b 0000000000000000 000000000000031c
               31946 031c 0000000000000000 000000000000031d
               31986 031d 0000000000000000 000000000000031e
               32026 031e 0000000000000000 000000000000031f
               32066 031f 0000000000000000 0000000000000320
               32106 0320 0000000000000000 0000000000000321
               32146 0321 0000000000000000 0000000000000322
               32186 0322 0000000000000000 0000000000000323
               32226 0323 0000000000000000 0000000000000324
               32266 0324 0000000000000000 0000000000000325
               32306 0325 0000000000000000 0000000000000326
               32346 0326 0000000000000000 0000000000000327
               32386 0327 0000000000000000 0000000000000328
               32426 0328 0000000000000000 0000000000000329
               32466 0329 0000000000000000 000000000000032a
               32506 032a 0000000000000000 000000000000032b
               32546 032b 0000000000000000 000000000000032c
               32586 032c 0000000000000000 000000000000032d
               32626 032d 0000000000000000 000000000000032e
               32666 032e 0000000000000000 000000000000032f
               32706 032f 0000000000000000 0000000000000330
               32746 0330 0000000000000000 0000000000000331
               32786 0331 0000000000000000 0000000000000332
               32826 0332 0000000000000000 0000000000000333
               32866 0333 0000000000000000 0000000000000334
               32906 0334 0000000000000000 0000000000000335
               32946 0335 0000000000000000 0000000000000336
               32986 0336 0000000000000000 0000000000000337
               33026 0337 0000000000000000 0000000000000338
               33066 0338 0000000000000000 0000000000000339
               33106 0339 0000000000000000 000000000000033a
               33146 033a 0000000000000000 000000000000033b
               33186 033b 0000000000000000 000000000000033c
               33226 033c 0000000000000000 000000000000033d
               33266 033d 0000000000000000 000000000000033e
               33306 033e 0000000000000000 000000000000033f
               33346 033f 0000000000000000 0000000000000340
               33386 0340 0000000000000000 0000000000000341
               33426 0341 0000000000000000 0000000000000342
               33466 0342 0000000000000000 0000000000000343
               33506 0343 0000000000000000 0000000000000344
               33546 0344 0000000000000000 0000000000000345
               33586 0345 0000000000000000 0000000000000346
               33626 0346 0000000000000000 0000000000000347
               33666 0347 0000000000000000 0000000000000348
               33706 0348 0000000000000000 0000000000000349
               33746 0349 0000000000000000 000000000000034a
               33786 034a 0000000000000000 000000000000034b
               33826 034b 0000000000000000 000000000000034c
               33866 034c 0000000000000000 000000000000034d
               33906 034d 0000000000000000 000000000000034e
               33946 034e 0000000000000000 000000000000034f
               33986 034f 0000000000000000 0000000000000350
               34026 0350 0000000000000000 0000000000000351
               34066 0351 0000000000000000 0000000000000352
               34106 0352 0000000000000000 0000000000000353
               34146 0353 0000000000000000 0000000000000354
               34186 0354 0000000000000000 0000000000000355
               34226 0355 0000000000000000 0000000000000356
               34266 0356 0000000000000000 0000000000000357
               34306 0357 0000000000000000 0000000000000358
               34346 0358 0000000000000000 0000000000000359
               34386 0359 0000000000000000 000000000000035a
               34426 035a 0000000000000000 000000000000035b
               34466 035b 0000000000000000 000000000000035c
               34506 035c 0000000000000000 000000000000035d
               34546 035d 0000000000000000 000000000000035e
               34586 035e 0000000000000000 000000000000035f
               34626 035f 0000000000000000 0000000000000360
               34666 0360 0000000000000000 0000000000000361
               34706 0361 0000000000000000 0000000000000362
               34746 0362 0000000000000000 0000000000000363
               34786 0363 0000000000000000 0000000000000364
               34826 0364 0000000000000000 0000000000000365
               34866 0365 0000000000000000 0000000000000366
               34906 0366 0000000000000000 0000000000000367
               34946 0367 0000000000000000 0000000000000368
               34986 0368 0000000000000000 0000000000000369
               35026 0369 0000000000000000 000000000000036a
               35066 036a 0000000000000000 000000000000036b
               35106 036b 0000000000000000 000000000000036c
               35146 036c 0000000000000000 000000000000036d
               35186 036d 0000000000000000 000000000000036e
               35226 036e 0000000000000000 000000000000036f
               35266 036f 0000000000000000 0000000000000370
               35306 0370 0000000000000000 0000000000000371
               35346 0371 0000000000000000 0000000000000372
               35386 0372 0000000000000000 0000000000000373
               35426 0373 0000000000000000 0000000000000374
               35466 0374 0000000000000000 0000000000000375
               35506 0375 0000000000000000 0000000000000376
               35546 0376 0000000000000000 0000000000000377
               35586 0377 0000000000000000 0000000000000378
               35626 0378 0000000000000000 0000000000000379
               35666 0379 0000000000000000 000000000000037a
               35706 037a 0000000000000000 000000000000037b
               35746 037b 0000000000000000 000000000000037c
               35786 037c 0000000000000000 000000000000037d
               35826 037d 0000000000000000 000000000000037e
               35866 037e 0000000000000000 000000000000037f
               35906 037f 0000000000000000 0000000000000380
               35946 0380 0000000000000000 0000000000000381
               35986 0381 0000000000000000 0000000000000382
               36026 0382 0000000000000000 0000000000000383
               36066 0383 0000000000000000 0000000000000384
               36106 0384 0000000000000000 0000000000000385
               36146 0385 0000000000000000 0000000000000386
               36186 0386 0000000000000000 0000000000000387
               36226 0387 0000000000000000 0000000000000388
               36266 0388 0000000000000000 0000000000000389
               36306 0389 0000000000000000 000000000000038a
               36346 038a 0000000000000000 000000000000038b
               36386 038b 0000000000000000 000000000000038c
               36426 038c 0000000000000000 000000000000038d
               36466 038d 0000000000000000 000000000000038e
               36506 038e 0000000000000000 000000000000038f
               36546 038f 0000000000000000 0000000000000390
               36586 0390 0000000000000000 0000000000000391
               36626 0391 0000000000000000 0000000000000392
               36666 0392 0000000000000000 0000000000000393
               36706 0393 0000000000000000 0000000000000394
               36746 0394 0000000000000000 0000000000000395
               36786 0395 0000000000000000 0000000000000396
               36826 0396 0000000000000000 0000000000000397
               36866 0397 0000000000000000 0000000000000398
               36906 0398 0000000000000000 0000000000000399
               36946 0399 0000000000000000 000000000000039a
               36986 039a 0000000000000000 000000000000039b
               37026 039b 0000000000000000 000000000000039c
               37066 039c 0000000000000000 000000000000039d
               37106 039d 0000000000000000 000000000000039e
               37146 039e 0000000000000000 000000000000039f
               37186 039f 0000000000000000 00000000000003a0
               37226 03a0 0000000000000000 00000000000003a1
               37266 03a1 0000000000000000 00000000000003a2
               37306 03a2 0000000000000000 00000000000003a3
               37346 03a3 0000000000000000 00000000000003a4
               37386 03a4 0000000000000000 00000000000003a5
               37426 03a5 0000000000000000 00000000000003a6
               37466 03a6 0000000000000000 00000000000003a7
               37506 03a7 0000000000000000 00000000000003a8
               37546 03a8 0000000000000000 00000000000003a9
               37586 03a9 0000000000000000 00000000000003aa
               37626 03aa 0000000000000000 00000000000003ab
               37666 03ab 0000000000000000 00000000000003ac
               37706 03ac 0000000000000000 00000000000003ad
               37746 03ad 0000000000000000 00000000000003ae
               37786 03ae 0000000000000000 00000000000003af
               37826 03af 0000000000000000 00000000000003b0
               37866 03b0 0000000000000000 00000000000003b1
               37906 03b1 0000000000000000 00000000000003b2
               37946 03b2 0000000000000000 00000000000003b3
               37986 03b3 0000000000000000 00000000000003b4
               38026 03b4 0000000000000000 00000000000003b5
               38066 03b5 0000000000000000 00000000000003b6
               38106 03b6 0000000000000000 00000000000003b7
               38146 03b7 0000000000000000 00000000000003b8
               38186 03b8 0000000000000000 00000000000003b9
               38226 03b9 0000000000000000 00000000000003ba
               38266 03ba 0000000000000000 00000000000003bb
               38306 03bb 0000000000000000 00000000000003bc
               38346 03bc 0000000000000000 00000000000003bd
               38386 03bd 0000000000000000 00000000000003be
               38426 03be 0000000000000000 00000000000003bf
               38466 03bf 0000000000000000 00000000000003c0
               38506 03c0 0000000000000000 00000000000003c1
               38546 03c1 0000000000000000 00000000000003c2
               38586 03c2 0000000000000000 00000000000003c3
               38626 03c3 0000000000000000 00000000000003c4
               38666 03c4 0000000000000000 00000000000003c5
               38706 03c5 0000000000000000 00000000000003c6
               38746 03c6 0000000000000000 00000000000003c7
               38786 03c7 0000000000000000 00000000000003c8
               38826 03c8 0000000000000000 00000000000003c9
               38866 03c9 0000000000000000 00000000000003ca
               38906 03ca 0000000000000000 00000000000003cb
               38946 03cb 0000000000000000 00000000000003cc
               38986 03cc 0000000000000000 00000000000003cd
               39026 03cd 0000000000000000 00000000000003ce
               39066 03ce 0000000000000000 00000000000003cf
               39106 03cf 0000000000000000 00000000000003d0
               39146 03d0 0000000000000000 00000000000003d1
               39186 03d1 0000000000000000 00000000000003d2
               39226 03d2 0000000000000000 00000000000003d3
               39266 03d3 0000000000000000 00000000000003d4
               39306 03d4 0000000000000000 00000000000003d5
               39346 03d5 0000000000000000 00000000000003d6
               39386 03d6 0000000000000000 00000000000003d7
               39426 03d7 0000000000000000 00000000000003d8
               39466 03d8 0000000000000000 00000000000003d9
               39506 03d9 0000000000000000 00000000000003da
               39546 03da 0000000000000000 00000000000003db
               39586 03db 0000000000000000 00000000000003dc
               39626 03dc 0000000000000000 00000000000003dd
               39666 03dd 0000000000000000 00000000000003de
               39706 03de 0000000000000000 00000000000003df
               39746 03df 0000000000000000 00000000000003e0
               39786 03e0 0000000000000000 00000000000003e1
               39826 03e1 0000000000000000 00000000000003e2
               39866 03e2 0000000000000000 00000000000003e3
               39906 03e3 0000000000000000 00000000000003e4
               39946 03e4 0000000000000000 00000000000003e5
               39986 03e5 0000000000000000 00000000000003e6
               40026 03e6 0000000000000000 00000000000003e7
               40066 03e7 0000000000000000 00000000000003e8
               40106 03e8 0000000000000000 00000000000003e9
               40146 03e9 0000000000000000 00000000000003ea
               40186 03ea 0000000000000000 00000000000003eb
               40226 03eb 0000000000000000 00000000000003ec
               40266 03ec 0000000000000000 00000000000003ed
               40306 03ed 0000000000000000 00000000000003ee
               40346 03ee 0000000000000000 00000000000003ef
               40386 03ef 0000000000000000 00000000000003f0
               40426 03f0 0000000000000000 00000000000003f1
               40466 03f1 0000000000000000 00000000000003f2
               40506 03f2 0000000000000000 00000000000003f3
               40546 03f3 0000000000000000 00000000000003f4
               40586 03f4 0000000000000000 00000000000003f5
               40626 03f5 0000000000000000 00000000000003f6
               40666 03f6 0000000000000000 00000000000003f7
               40706 03f7 0000000000000000 00000000000003f8
               40746 03f8 0000000000000000 00000000000003f9
               40786 03f9 0000000000000000 00000000000003fa
               40826 03fa 0000000000000000 00000000000003fb
               40866 03fb 0000000000000000 00000000000003fc
               40906 03fc 0000000000000000 00000000000003fd
               40946 03fd 0000000000000000 00000000000003fe
               40986 03fe 0000000000000000 00000000000003ff
               41026 03ff 0000000000000000 0000000000000400
               41066 0400 xxxxxxxxxxxxxxxx xxxxxxxxxxxxxxxx
Simulation finished:        1024 test cases           0 errors [/home/aasif/Documents/School/2017a/SrDesign/RSA-CPU/src/test_data/ours.trace]
